Имя файла: 		learn/04a28ee8-ec58-44d7-a0f1-448b3ba0a530.png
Картинка №1, Ион №1:		[61, 48, 42, 28, 35, 153, 67, 47, 39, 36, 231, 76, 55, 51, 45, 6, 92, 53, 63, 44, 5, 89, 57, 53, 45]
Картинка №1, Ион №2:		[1, 213, 68, 42, 44, 59, 1, 111, 47, 39, 1, 5, 98, 47, 45, 16, 1, 87, 43, 44, 128, 166, 43, 32, 34]
Картинка №1, Ион №3:		[87, 216, 117, 52, 39, 132, 8, 1, 55, 40, 196, 79, 8, 75, 44, 208, 4, 2, 72, 59, 128, 2, 213, 67, 52]
Картинка №1, Ион №4:		[47, 53, 79, 79, 51, 47, 173, 238, 202, 64, 55, 200, 12, 1, 73, 59, 213, 53, 3, 67, 63, 164, 8, 3, 51]
- - - - - - - - - - - 
Имя файла: 		learn/05acd6d4-89e7-4c8f-a67e-87d182b08be6.png
Картинка №2, Ион №1:		[34, 36, 32, 31, 31, 34, 36, 32, 32, 27, 27, 32, 36, 32, 28, 32, 32, 26, 32, 30, 32, 32, 36, 27, 38]
Картинка №2, Ион №2:		[173, 238, 63, 40, 34, 12, 6, 93, 42, 43, 117, 9, 93, 65, 51, 8, 4, 89, 44, 44, 149, 119, 56, 42, 45]
Картинка №2, Ион №3:		[72, 117, 100, 51, 34, 102, 6, 187, 79, 43, 206, 47, 6, 93, 48, 206, 9, 4, 96, 40, 102, 1, 250, 81, 47]
Картинка №2, Ион №4:		[32, 73, 120, 83, 48, 49, 84, 140, 140, 76, 56, 168, 40, 4, 110, 53, 196, 9, 2, 87, 71, 168, 6, 2, 87]
- - - - - - - - - - - 
Имя файла: 		learn/05c9d261-43f6-48f2-b524-66b3939465bc.png
Картинка №3, Ион №1:		[47, 40, 36, 35, 32, 84, 55, 40, 40, 32, 1, 59, 44, 35, 39, 2, 80, 42, 40, 40, 238, 65, 43, 44, 42]
Картинка №3, Ион №2:		[4, 181, 79, 49, 39, 130, 8, 117, 44, 42, 115, 34, 96, 48, 60, 8, 2, 57, 43, 47, 98, 130, 47, 40, 44]
Картинка №3, Ион №3:		[75, 178, 147, 47, 39, 250, 12, 2, 79, 56, 0, 102, 9, 81, 52, 225, 10, 4, 91, 40, 117, 251, 136, 69, 51]
Картинка №3, Ион №4:		[30, 65, 166, 84, 49, 35, 187, 4, 213, 63, 59, 231, 5, 5, 91, 51, 1, 71, 5, 87, 83, 149, 8, 3, 83]
- - - - - - - - - - - 
Имя файла: 		learn/05e15a34-8769-40e2-a2b1-10df0f33c251.png
Картинка №4, Ион №1:		[30, 28, 35, 27, 26, 38, 30, 30, 38, 32, 55, 30, 28, 32, 26, 56, 42, 30, 35, 26, 60, 42, 34, 35, 36]
Картинка №4, Ион №2:		[191, 198, 44, 35, 40, 2, 2, 77, 51, 32, 2, 9, 111, 60, 49, 69, 1, 85, 51, 36, 185, 123, 55, 39, 32]
Картинка №4, Ион №3:		[65, 110, 79, 44, 40, 178, 3, 223, 65, 40, 2, 120, 36, 87, 51, 0, 12, 14, 104, 43, 160, 5, 213, 72, 32]
Картинка №4, Ион №4:		[32, 32, 32, 24, 42, 24, 32, 26, 26, 32, 30, 30, 26, 31, 36, 26, 30, 24, 31, 30, 36, 32, 31, 30, 34]
- - - - - - - - - - - 
Имя файла: 		learn/06fb1323-1f26-496b-b0b5-25b0f59771de.png
Картинка №5, Ион №1:		[56, 30, 32, 31, 26, 130, 52, 36, 38, 36, 0, 64, 47, 44, 36, 12, 81, 55, 35, 28, 4, 92, 52, 65, 40]
Картинка №5, Ион №2:		[225, 187, 68, 42, 51, 42, 5, 67, 51, 52, 168, 8, 107, 72, 51, 57, 5, 100, 49, 52, 187, 168, 73, 45, 44]
Картинка №5, Ион №3:		[31, 28, 27, 34, 35, 28, 27, 26, 28, 31, 30, 34, 27, 24, 32, 27, 27, 30, 42, 34, 32, 28, 27, 35, 28]
Картинка №5, Ион №4:		[34, 59, 59, 53, 44, 53, 95, 250, 158, 61, 68, 183, 76, 5, 55, 67, 213, 67, 6, 93, 63, 163, 6, 3, 81]
- - - - - - - - - - - 
Имя файла: 		learn/3c0ddb33-5a3e-49bc-bb33-d1c7d8961b17.png
Картинка №6, Ион №1:		[44, 36, 30, 35, 31, 67, 36, 30, 42, 28, 79, 44, 40, 34, 32, 143, 36, 43, 31, 38, 138, 38, 40, 34, 36]
Картинка №6, Ион №2:		[194, 194, 71, 38, 32, 5, 2, 87, 42, 47, 2, 2, 76, 40, 38, 5, 4, 72, 44, 34, 185, 123, 55, 36, 40]
Картинка №6, Ион №3:		[63, 142, 93, 47, 39, 151, 2, 168, 72, 36, 198, 8, 5, 80, 52, 178, 7, 3, 65, 42, 173, 4, 231, 75, 71]
Картинка №6, Ион №4:		[36, 31, 34, 35, 36, 36, 38, 28, 32, 32, 27, 39, 30, 34, 28, 31, 39, 32, 27, 24, 32, 27, 39, 32, 32]
- - - - - - - - - - - 
Имя файла: 		learn/3c3f6a3d-3d15-4322-ba1b-c81e71d9909e.png
Картинка №7, Ион №1:		[59, 43, 35, 38, 32, 68, 47, 38, 39, 32, 142, 44, 44, 32, 31, 204, 75, 53, 36, 30, 173, 84, 49, 45, 28]
Картинка №7, Ион №2:		[28, 36, 30, 30, 23, 35, 28, 39, 35, 28, 36, 30, 27, 32, 28, 26, 27, 27, 28, 30, 27, 24, 24, 31, 30]
Картинка №7, Ион №3:		[69, 72, 68, 40, 40, 84, 145, 105, 36, 39, 115, 223, 123, 55, 43, 83, 145, 153, 51, 42, 73, 120, 117, 52, 44]
Картинка №7, Ион №4:		[42, 65, 134, 73, 56, 49, 102, 189, 126, 75, 56, 142, 3, 219, 79, 51, 163, 1, 1, 72, 67, 143, 4, 1, 71]
- - - - - - - - - - - 
Имя файла: 		learn/3c7389f5-b01d-4294-b5a9-62788cfa4412.png
Картинка №8, Ион №1:		[68, 40, 39, 40, 32, 96, 56, 39, 42, 32, 226, 53, 45, 44, 45, 5, 77, 39, 63, 47, 6, 72, 42, 52, 34]
Картинка №8, Ион №2:		[55, 64, 32, 28, 34, 75, 77, 48, 31, 35, 92, 76, 47, 36, 35, 88, 87, 44, 31, 36, 68, 55, 32, 34, 28]
Картинка №8, Ион №3:		[85, 151, 100, 39, 36, 200, 4, 211, 65, 34, 204, 2, 8, 80, 51, 178, 61, 2, 113, 40, 153, 1, 231, 60, 47]
Картинка №8, Ион №4:		[38, 44, 56, 56, 32, 42, 81, 155, 113, 47, 56, 157, 244, 176, 44, 48, 151, 4, 176, 57, 51, 132, 164, 151, 56]
- - - - - - - - - - - 
Имя файла: 		learn/3c8d4fa7-85ef-40a9-8923-3cd2cce1d659.png
Картинка №9, Ион №1:		[48, 47, 32, 32, 32, 140, 67, 40, 38, 34, 6, 81, 51, 51, 47, 43, 91, 44, 36, 36, 16, 83, 61, 34, 36]
Картинка №9, Ион №2:		[2, 250, 60, 38, 34, 42, 44, 107, 51, 52, 168, 61, 153, 56, 51, 6, 3, 96, 51, 52, 130, 179, 67, 36, 36]
Картинка №9, Ион №3:		[59, 96, 132, 56, 40, 102, 8, 0, 71, 45, 229, 251, 57, 117, 42, 191, 24, 10, 102, 53, 125, 2, 1, 71, 56]
Картинка №9, Ион №4:		[32, 55, 68, 81, 56, 47, 102, 3, 196, 61, 59, 213, 69, 9, 84, 59, 160, 125, 11, 130, 59, 176, 8, 4, 93]
- - - - - - - - - - - 
Имя файла: 		learn/3c9a522d-eef3-4199-82eb-b2ff1fb8b96f.png
Картинка №10, Ион №1:		[49, 44, 44, 32, 27, 134, 53, 40, 43, 32, 232, 59, 40, 40, 47, 5, 63, 48, 39, 51, 1, 75, 48, 47, 42]
Картинка №10, Ион №2:		[61, 64, 44, 28, 39, 126, 157, 51, 38, 38, 181, 111, 67, 39, 44, 87, 91, 53, 43, 30, 44, 59, 40, 28, 40]
Картинка №10, Ион №3:		[60, 77, 61, 44, 38, 83, 163, 93, 45, 32, 91, 145, 153, 67, 32, 87, 128, 117, 61, 32, 67, 134, 91, 43, 43]
Картинка №10, Ион №4:		[40, 39, 44, 40, 36, 42, 55, 111, 79, 59, 42, 75, 198, 91, 42, 44, 85, 173, 96, 45, 39, 65, 132, 123, 51]
- - - - - - - - - - - 
Имя файла: 		learn/3ca88ccc-6250-4fb0-9b58-345715507607.png
Картинка №11, Ион №1:		[26, 26, 28, 27, 32, 28, 27, 26, 27, 27, 28, 27, 30, 26, 32, 26, 32, 36, 38, 28, 30, 27, 35, 31, 30]
Картинка №11, Ион №2:		[126, 110, 61, 39, 42, 9, 8, 87, 34, 44, 168, 24, 87, 63, 36, 18, 16, 126, 63, 51, 193, 134, 68, 57, 47]
Картинка №11, Ион №3:		[30, 35, 40, 27, 27, 32, 24, 27, 32, 30, 32, 27, 27, 36, 34, 30, 34, 28, 31, 26, 28, 27, 34, 26, 30]
Картинка №11, Ион №4:		[32, 57, 59, 59, 51, 47, 126, 0, 110, 67, 59, 145, 6, 2, 65, 69, 210, 73, 6, 95, 69, 240, 47, 4, 80]
- - - - - - - - - - - 
Имя файла: 		learn/3d5b7ab9-1da2-4351-bf02-5a49d4c4466d.png
Картинка №12, Ион №1:		[67, 51, 32, 28, 32, 91, 60, 36, 40, 40, 0, 83, 36, 47, 47, 10, 98, 51, 44, 44, 18, 125, 44, 48, 44]
Картинка №12, Ион №2:		[60, 57, 32, 36, 32, 81, 68, 38, 30, 38, 83, 67, 43, 36, 35, 88, 63, 36, 40, 28, 56, 47, 34, 36, 27]
Картинка №12, Ион №3:		[72, 147, 147, 55, 40, 138, 6, 0, 71, 39, 179, 61, 9, 149, 55, 187, 6, 28, 142, 57, 153, 6, 1, 79, 59]
Картинка №12, Ион №4:		[32, 49, 100, 67, 51, 55, 95, 0, 164, 71, 55, 158, 61, 3, 91, 61, 211, 60, 6, 113, 56, 163, 7, 2, 76]
- - - - - - - - - - - 
Имя файла: 		learn/3dae238d-5d74-403f-bdd0-59f2d37cddef.png
Картинка №13, Ион №1:		[68, 49, 40, 30, 30, 173, 47, 44, 38, 34, 1, 75, 43, 55, 24, 4, 80, 64, 67, 39, 5, 91, 53, 44, 39]
Картинка №13, Ион №2:		[138, 143, 61, 39, 28, 2, 202, 56, 42, 40, 6, 251, 53, 45, 43, 198, 132, 57, 38, 38, 87, 81, 44, 38, 35]
Картинка №13, Ион №3:		[32, 27, 36, 27, 32, 32, 24, 30, 26, 28, 32, 28, 26, 27, 27, 30, 27, 26, 31, 32, 34, 28, 28, 28, 30]
Картинка №13, Ион №4:		[36, 57, 130, 79, 47, 55, 132, 2, 185, 55, 51, 145, 38, 1, 53, 52, 185, 26, 7, 75, 59, 126, 9, 3, 64]
- - - - - - - - - - - 
Имя файла: 		learn/3e0faea3-1f6b-4fcf-a201-09a3155e0ce8.png
Картинка №14, Ион №1:		[47, 39, 26, 32, 31, 81, 56, 40, 42, 35, 232, 56, 36, 44, 26, 3, 60, 45, 44, 44, 247, 93, 47, 40, 32]
Картинка №14, Ион №2:		[3, 229, 72, 42, 44, 87, 15, 88, 51, 68, 71, 22, 100, 72, 49, 5, 3, 76, 48, 40, 142, 132, 63, 43, 40]
Картинка №14, Ион №3:		[69, 163, 120, 53, 40, 176, 9, 219, 73, 36, 170, 173, 16, 71, 44, 1, 22, 9, 77, 49, 96, 2, 206, 71, 55]
Картинка №14, Ион №4:		[44, 36, 36, 28, 28, 31, 26, 28, 38, 27, 27, 32, 49, 44, 27, 28, 30, 40, 42, 32, 32, 26, 42, 36, 34]
- - - - - - - - - - - 
Имя файла: 		learn/3e29dadd-2ce1-43a0-b04b-f4678b26ed42.png
Картинка №15, Ион №1:		[53, 48, 28, 32, 36, 163, 65, 45, 47, 34, 0, 76, 45, 48, 51, 8, 92, 47, 63, 51, 5, 67, 44, 30, 40]
Картинка №15, Ион №2:		[247, 181, 76, 40, 53, 79, 12, 87, 32, 40, 9, 8, 91, 52, 35, 1, 1, 83, 57, 39, 126, 110, 64, 32, 38]
Картинка №15, Ион №3:		[52, 72, 53, 36, 35, 63, 87, 84, 47, 32, 77, 96, 115, 63, 36, 75, 113, 107, 51, 35, 56, 65, 63, 47, 39]
Картинка №15, Ион №4:		[47, 71, 71, 72, 56, 48, 115, 3, 234, 67, 51, 191, 2, 2, 72, 75, 196, 34, 5, 65, 75, 158, 3, 2, 102]
- - - - - - - - - - - 
Имя файла: 		learn/3e4125d4-c9cb-4161-bbd9-2e3d2ac1a17a.png
Картинка №16, Ион №1:		[71, 40, 35, 35, 30, 147, 68, 36, 40, 34, 0, 73, 42, 42, 44, 8, 136, 55, 47, 32, 7, 96, 48, 43, 38]
Картинка №16, Ион №2:		[236, 178, 87, 43, 40, 61, 4, 92, 44, 39, 63, 12, 107, 55, 52, 7, 6, 81, 51, 51, 173, 115, 51, 32, 32]
Картинка №16, Ион №3:		[87, 140, 96, 47, 42, 191, 8, 253, 75, 45, 229, 67, 6, 96, 44, 187, 22, 10, 92, 56, 163, 3, 208, 84, 59]
Картинка №16, Ион №4:		[30, 24, 28, 27, 26, 28, 30, 28, 32, 31, 32, 30, 31, 27, 28, 28, 28, 36, 30, 34, 27, 34, 32, 28, 26]
- - - - - - - - - - - 
Имя файла: 		learn/3e79f507-b4af-40bb-a44f-c0b416800ea7.png
Картинка №17, Ион №1:		[51, 42, 27, 34, 32, 110, 59, 40, 36, 32, 219, 80, 47, 35, 38, 9, 71, 44, 39, 34, 5, 81, 47, 47, 39]
Картинка №17, Ион №2:		[27, 38, 30, 28, 32, 39, 36, 27, 32, 36, 32, 27, 28, 28, 27, 30, 42, 34, 32, 31, 30, 36, 28, 31, 24]
Картинка №17, Ион №3:		[40, 59, 31, 36, 28, 53, 115, 72, 42, 36, 75, 123, 87, 47, 26, 67, 102, 84, 40, 32, 68, 96, 61, 36, 40]
Картинка №17, Ион №4:		[40, 56, 68, 68, 36, 47, 149, 6, 198, 75, 47, 179, 40, 3, 69, 53, 0, 4, 7, 91, 71, 181, 9, 4, 75]
- - - - - - - - - - - 
Имя файла: 		learn/3e8125ce-2d02-4cfe-8572-d2bc37cece2b.png
Картинка №18, Ион №1:		[55, 36, 36, 36, 32, 68, 51, 32, 34, 39, 126, 48, 36, 36, 40, 187, 67, 36, 40, 39, 157, 59, 44, 39, 32]
Картинка №18, Ион №2:		[244, 198, 63, 40, 47, 23, 3, 89, 48, 40, 7, 6, 79, 49, 43, 3, 1, 65, 45, 42, 145, 134, 63, 34, 42]
Картинка №18, Ион №3:		[79, 168, 143, 59, 42, 120, 8, 241, 79, 51, 200, 26, 4, 79, 47, 250, 1, 255, 77, 36, 104, 219, 196, 87, 36]
Картинка №18, Ион №4:		[59, 65, 210, 119, 57, 48, 142, 2, 210, 65, 75, 130, 210, 208, 65, 59, 187, 210, 0, 64, 61, 138, 2, 202, 75]
- - - - - - - - - - - 
Имя файла: 		learn/3efbcd90-d39f-4e46-addd-8c1ebffb5a62.png
Картинка №19, Ион №1:		[28, 31, 30, 27, 36, 32, 28, 32, 32, 32, 31, 27, 24, 38, 26, 35, 28, 26, 30, 30, 27, 32, 36, 27, 26]
Картинка №19, Ион №2:		[219, 244, 63, 51, 44, 61, 5, 77, 57, 52, 87, 8, 93, 40, 40, 15, 4, 75, 44, 55, 185, 160, 55, 45, 47]
Картинка №19, Ион №3:		[42, 30, 34, 28, 27, 24, 36, 28, 32, 26, 30, 34, 30, 36, 28, 28, 32, 34, 26, 32, 30, 28, 31, 28, 28]
Картинка №19, Ион №4:		[42, 67, 67, 68, 44, 47, 104, 153, 151, 73, 51, 138, 30, 4, 81, 63, 204, 51, 4, 77, 47, 143, 9, 3, 88]
- - - - - - - - - - - 
Имя файла: 		learn/3f08d6f9-513f-4801-ac09-b0fcecd582ee.png
Картинка №20, Ион №1:		[53, 39, 32, 30, 40, 120, 49, 38, 34, 32, 221, 69, 32, 49, 47, 15, 113, 51, 59, 34, 7, 64, 55, 49, 39]
Картинка №20, Ион №2:		[4, 232, 56, 36, 32, 142, 5, 83, 44, 65, 96, 9, 110, 52, 51, 9, 0, 83, 44, 43, 185, 128, 59, 32, 28]
Картинка №20, Ион №3:		[71, 132, 104, 42, 30, 163, 1, 176, 51, 40, 166, 7, 250, 51, 51, 132, 1, 255, 63, 43, 110, 1, 166, 72, 43]
Картинка №20, Ион №4:		[32, 24, 28, 36, 31, 28, 24, 28, 30, 36, 30, 24, 36, 32, 28, 28, 26, 32, 26, 30, 28, 24, 32, 34, 27]
- - - - - - - - - - - 
Имя файла: 		learn/3f099892-9e63-4a67-81b2-6f68d5808215.png
Картинка №21, Ион №1:		[52, 45, 32, 35, 34, 140, 59, 40, 32, 30, 231, 75, 53, 39, 42, 9, 75, 63, 44, 39, 21, 93, 49, 67, 36]
Картинка №21, Ион №2:		[30, 36, 30, 27, 32, 32, 34, 32, 36, 36, 30, 28, 32, 36, 27, 28, 27, 30, 27, 32, 27, 27, 30, 32, 27]
Картинка №21, Ион №3:		[85, 147, 111, 47, 40, 178, 211, 211, 76, 48, 213, 160, 5, 105, 52, 200, 55, 6, 107, 55, 147, 4, 231, 75, 64]
Картинка №21, Ион №4:		[53, 83, 93, 67, 53, 55, 91, 0, 166, 61, 67, 225, 67, 4, 67, 65, 238, 4, 9, 88, 65, 155, 9, 0, 80]
- - - - - - - - - - - 
Имя файла: 		learn/3f404223-5e61-481e-9c87-9186c1d9272d.png
Картинка №22, Ион №1:		[51, 44, 28, 30, 32, 87, 44, 36, 32, 28, 231, 72, 39, 40, 36, 24, 79, 47, 38, 36, 6, 115, 51, 40, 38]
Картинка №22, Ион №2:		[202, 160, 59, 43, 36, 87, 6, 93, 49, 59, 92, 34, 100, 45, 51, 7, 3, 79, 47, 43, 145, 132, 59, 49, 43]
Картинка №22, Ион №3:		[56, 132, 136, 53, 44, 93, 6, 234, 88, 44, 0, 120, 8, 119, 40, 0, 9, 8, 130, 45, 128, 1, 232, 81, 48]
Картинка №22, Ион №4:		[42, 56, 67, 61, 44, 36, 71, 110, 56, 51, 40, 83, 1, 179, 49, 63, 143, 3, 168, 55, 49, 91, 166, 145, 55]
- - - - - - - - - - - 
Имя файла: 		learn/3f502142-f089-4f9e-8321-25a42e1d3143.png
Картинка №23, Ион №1:		[53, 47, 39, 39, 34, 179, 51, 44, 32, 44, 2, 91, 57, 47, 42, 8, 84, 47, 52, 36, 8, 63, 67, 47, 38]
Картинка №23, Ион №2:		[1, 217, 72, 44, 35, 91, 45, 115, 45, 49, 98, 28, 119, 52, 34, 3, 255, 76, 48, 42, 88, 96, 55, 30, 36]
Картинка №23, Ион №3:		[51, 98, 71, 42, 39, 76, 0, 168, 49, 38, 111, 187, 2, 64, 35, 87, 219, 187, 63, 42, 59, 128, 98, 53, 44]
Картинка №23, Ион №4:		[31, 55, 91, 71, 61, 44, 79, 126, 126, 63, 49, 125, 5, 1, 65, 57, 151, 189, 191, 65, 59, 126, 1, 173, 59]
- - - - - - - - - - - 
Имя файла: 		learn/3fd7433b-96c6-4d96-bb54-9ddcb3df9a3c.png
Картинка №24, Ион №1:		[68, 47, 47, 32, 36, 157, 68, 38, 36, 39, 3, 71, 36, 44, 36, 34, 119, 43, 40, 59, 7, 91, 48, 40, 34]
Картинка №24, Ион №2:		[1, 234, 72, 47, 44, 140, 32, 107, 51, 65, 64, 30, 88, 61, 48, 5, 4, 87, 53, 44, 134, 126, 59, 31, 36]
Картинка №24, Ион №3:		[57, 138, 91, 39, 44, 153, 20, 1, 75, 53, 246, 181, 22, 102, 49, 200, 9, 7, 115, 47, 89, 157, 221, 63, 44]
Картинка №24, Ион №4:		[30, 21, 24, 28, 27, 32, 28, 26, 30, 28, 28, 30, 35, 28, 32, 30, 30, 32, 31, 27, 32, 27, 32, 31, 24]
- - - - - - - - - - - 
Имя файла: 		learn/3fedede6-e74e-41b6-8588-d2e4f1ca6ebc.png
Картинка №25, Ион №1:		[68, 44, 36, 40, 40, 128, 71, 38, 40, 32, 5, 69, 39, 44, 45, 18, 79, 48, 40, 43, 6, 91, 47, 39, 31]
Картинка №25, Ион №2:		[2, 244, 59, 43, 36, 24, 6, 91, 51, 43, 61, 6, 155, 44, 63, 7, 216, 68, 47, 40, 151, 98, 47, 47, 38]
Картинка №25, Ион №3:		[104, 232, 164, 56, 36, 173, 10, 1, 61, 47, 208, 91, 8, 73, 63, 225, 5, 5, 92, 51, 88, 191, 202, 83, 47]
Картинка №25, Ион №4:		[31, 69, 151, 105, 57, 47, 164, 7, 202, 72, 42, 221, 36, 2, 67, 71, 158, 45, 6, 67, 60, 125, 8, 0, 79]
- - - - - - - - - - - 
Имя файла: 		learn/4a077432-be4b-4ba5-95b1-c9a5391a4360.png
Картинка №26, Ион №1:		[72, 42, 30, 36, 35, 147, 68, 32, 47, 34, 238, 77, 47, 48, 36, 4, 98, 52, 36, 47, 2, 75, 47, 36, 42]
Картинка №26, Ион №2:		[1, 202, 71, 47, 49, 7, 3, 89, 36, 35, 9, 2, 81, 44, 38, 219, 0, 72, 47, 45, 136, 157, 57, 44, 40]
Картинка №26, Ион №3:		[110, 238, 128, 63, 48, 179, 4, 2, 77, 28, 178, 6, 2, 88, 40, 191, 4, 2, 83, 65, 134, 246, 163, 83, 51]
Картинка №26, Ион №4:		[56, 73, 83, 81, 44, 52, 123, 246, 189, 55, 55, 189, 8, 232, 71, 56, 202, 8, 211, 87, 59, 115, 240, 216, 79]
- - - - - - - - - - - 
Имя файла: 		learn/4a108ac6-a2e4-4260-b6fd-857343e9f810.png
Картинка №27, Ион №1:		[71, 42, 36, 45, 30, 75, 53, 40, 40, 27, 0, 68, 47, 47, 42, 9, 85, 57, 63, 28, 8, 76, 44, 47, 38]
Картинка №27, Ион №2:		[200, 147, 67, 52, 40, 6, 1, 83, 47, 48, 31, 6, 71, 39, 55, 4, 250, 71, 51, 36, 153, 79, 55, 40, 34]
Картинка №27, Ион №3:		[71, 130, 81, 49, 38, 200, 225, 226, 65, 43, 5, 2, 9, 89, 42, 223, 36, 2, 71, 55, 105, 170, 168, 68, 47]
Картинка №27, Ион №4:		[44, 57, 111, 75, 44, 38, 138, 147, 147, 52, 68, 187, 51, 2, 93, 63, 241, 3, 4, 89, 63, 229, 42, 3, 73]
- - - - - - - - - - - 
Имя файла: 		learn/4a4ff2de-f8f3-413b-b9e2-afccf867f645.png
Картинка №28, Ион №1:		[71, 42, 36, 47, 32, 88, 51, 39, 43, 35, 247, 71, 44, 45, 36, 6, 73, 47, 53, 38, 6, 80, 55, 65, 40]
Картинка №28, Ион №2:		[32, 28, 26, 24, 32, 26, 27, 26, 31, 28, 36, 28, 38, 27, 27, 28, 28, 26, 27, 28, 30, 32, 28, 30, 34]
Картинка №28, Ион №3:		[36, 26, 32, 36, 27, 27, 26, 26, 27, 27, 32, 34, 26, 28, 28, 27, 26, 32, 30, 36, 28, 30, 32, 30, 28]
Картинка №28, Ион №4:		[43, 63, 91, 47, 55, 42, 98, 200, 147, 59, 53, 132, 55, 1, 79, 52, 225, 0, 2, 68, 64, 202, 9, 0, 77]
- - - - - - - - - - - 
Имя файла: 		learn/4a51cf54-1886-4ff7-b5df-b879d4ae3884.png
Картинка №29, Ион №1:		[73, 43, 32, 36, 40, 115, 56, 51, 42, 36, 2, 79, 51, 36, 39, 6, 87, 55, 42, 38, 5, 98, 53, 40, 32]
Картинка №29, Ион №2:		[81, 92, 49, 39, 31, 250, 200, 59, 32, 40, 4, 231, 56, 38, 47, 194, 168, 51, 36, 28, 75, 68, 44, 30, 28]
Картинка №29, Ион №3:		[79, 110, 71, 44, 39, 142, 0, 128, 38, 38, 120, 4, 231, 75, 40, 143, 232, 191, 81, 40, 75, 163, 140, 63, 36]
Картинка №29, Ион №4:		[44, 56, 120, 91, 42, 49, 164, 143, 126, 63, 67, 143, 39, 4, 87, 55, 240, 98, 1, 81, 65, 193, 14, 6, 91]
- - - - - - - - - - - 
Имя файла: 		learn/4af128a8-2e6d-46fe-b05b-612799696bd0.png
Картинка №30, Ион №1:		[30, 32, 32, 32, 28, 40, 26, 32, 32, 28, 32, 31, 32, 32, 32, 36, 27, 32, 32, 34, 34, 39, 32, 27, 26]
Картинка №30, Ион №2:		[3, 2, 55, 48, 35, 91, 6, 84, 48, 47, 95, 28, 91, 63, 47, 7, 6, 67, 52, 47, 196, 134, 67, 44, 40]
Картинка №30, Ион №3:		[68, 151, 172, 36, 42, 158, 202, 200, 72, 45, 246, 69, 8, 107, 40, 185, 18, 8, 102, 57, 91, 3, 185, 75, 53]
Картинка №30, Ион №4:		[32, 79, 142, 83, 44, 40, 157, 3, 179, 64, 53, 229, 83, 6, 71, 53, 241, 134, 8, 83, 51, 179, 10, 6, 72]
- - - - - - - - - - - 
Имя файла: 		learn/4b1bc504-119f-4e14-adc4-b10615bd7cd8.png
Картинка №31, Ион №1:		[49, 44, 39, 36, 34, 138, 51, 35, 39, 39, 221, 53, 44, 40, 43, 8, 71, 59, 72, 36, 6, 71, 45, 44, 47]
Картинка №31, Ион №2:		[250, 206, 71, 40, 51, 69, 7, 120, 39, 53, 59, 8, 89, 44, 63, 5, 1, 71, 45, 47, 151, 93, 68, 36, 39]
Картинка №31, Ион №3:		[73, 163, 91, 47, 28, 191, 5, 231, 83, 44, 0, 83, 5, 75, 55, 1, 6, 4, 84, 52, 136, 5, 202, 79, 55]
Картинка №31, Ион №4:		[48, 63, 151, 84, 44, 47, 132, 143, 145, 53, 57, 210, 48, 4, 92, 49, 196, 45, 6, 87, 63, 138, 5, 2, 73]
- - - - - - - - - - - 
Имя файла: 		learn/4b322b87-d5e4-46af-87df-a42b188cfa8a.png
Картинка №32, Ион №1:		[47, 42, 32, 28, 39, 120, 48, 36, 38, 40, 255, 65, 42, 38, 32, 4, 89, 47, 52, 43, 4, 87, 56, 40, 43]
Картинка №32, Ион №2:		[211, 219, 79, 47, 32, 23, 6, 140, 45, 52, 52, 21, 130, 59, 45, 8, 2, 75, 53, 44, 173, 138, 67, 44, 36]
Картинка №32, Ион №3:		[56, 126, 117, 49, 44, 157, 9, 219, 89, 40, 3, 12, 32, 91, 51, 204, 45, 5, 96, 44, 126, 3, 231, 92, 44]
Картинка №32, Ион №4:		[42, 40, 71, 56, 36, 47, 69, 105, 87, 59, 53, 93, 244, 155, 52, 52, 85, 229, 172, 60, 51, 72, 181, 145, 53]
- - - - - - - - - - - 
Имя файла: 		learn/4b731639-586a-4db8-a7a3-e4f2cc357fd3.png
Картинка №33, Ион №1:		[56, 43, 27, 34, 34, 202, 52, 44, 32, 34, 251, 65, 43, 35, 40, 8, 107, 56, 51, 32, 4, 115, 51, 36, 34]
Картинка №33, Ион №2:		[219, 231, 63, 45, 52, 39, 3, 98, 44, 67, 73, 5, 102, 63, 56, 4, 231, 71, 47, 35, 153, 158, 67, 40, 36]
Картинка №33, Ион №3:		[92, 151, 87, 38, 35, 240, 12, 244, 79, 63, 231, 69, 8, 87, 40, 208, 5, 2, 71, 51, 128, 1, 166, 69, 44]
Картинка №33, Ион №4:		[32, 69, 104, 72, 36, 42, 115, 231, 79, 63, 47, 142, 183, 232, 57, 59, 143, 185, 183, 53, 57, 142, 251, 172, 63]
- - - - - - - - - - - 
Имя файла: 		learn/4c00d9fb-9200-4131-baab-be6330ff5865.png
Картинка №34, Ион №1:		[28, 24, 35, 32, 30, 26, 28, 27, 32, 26, 32, 24, 27, 27, 28, 27, 32, 30, 32, 26, 28, 28, 36, 42, 28]
Картинка №34, Ион №2:		[71, 65, 51, 36, 35, 138, 100, 47, 36, 36, 138, 100, 53, 36, 38, 105, 91, 47, 30, 36, 59, 44, 42, 36, 36]
Картинка №34, Ион №3:		[51, 136, 104, 47, 36, 143, 6, 217, 65, 45, 244, 100, 6, 81, 59, 187, 16, 4, 77, 59, 143, 4, 232, 75, 57]
Картинка №34, Ион №4:		[32, 51, 75, 69, 32, 36, 91, 138, 136, 56, 36, 87, 250, 166, 71, 56, 123, 4, 219, 67, 52, 96, 213, 170, 47]
- - - - - - - - - - - 
Имя файла: 		learn/4ca527fe-2e17-4a13-a7f4-5fa0a3a00c34.png
Картинка №35, Ион №1:		[55, 39, 32, 27, 28, 84, 53, 39, 36, 27, 213, 72, 42, 47, 24, 8, 73, 49, 47, 47, 7, 120, 52, 59, 32]
Картинка №35, Ион №2:		[172, 126, 60, 44, 38, 44, 4, 84, 45, 59, 95, 10, 77, 55, 38, 8, 234, 93, 69, 47, 173, 128, 72, 40, 32]
Картинка №35, Ион №3:		[44, 55, 51, 40, 42, 48, 87, 75, 32, 40, 59, 87, 73, 40, 39, 68, 79, 72, 40, 36, 45, 87, 68, 38, 26]
Картинка №35, Ион №4:		[27, 30, 28, 26, 34, 35, 27, 27, 28, 28, 27, 26, 31, 26, 26, 27, 32, 26, 32, 27, 30, 27, 30, 30, 30]
- - - - - - - - - - - 
Имя файла: 		learn/4cad3718-ac5d-4655-b9a9-746879d4adf4.png
Картинка №36, Ион №1:		[61, 35, 32, 36, 28, 88, 57, 39, 42, 32, 179, 100, 45, 40, 35, 8, 102, 52, 59, 44, 4, 104, 45, 35, 32]
Картинка №36, Ион №2:		[44, 45, 32, 32, 26, 71, 47, 39, 32, 31, 65, 53, 35, 35, 36, 67, 51, 30, 40, 28, 36, 42, 27, 26, 31]
Картинка №36, Ион №3:		[71, 163, 91, 42, 38, 145, 5, 211, 53, 40, 0, 83, 6, 93, 40, 234, 64, 6, 104, 47, 151, 5, 0, 75, 56]
Картинка №36, Ион №4:		[28, 32, 31, 36, 32, 36, 36, 31, 26, 31, 32, 35, 26, 30, 40, 27, 36, 26, 31, 30, 28, 28, 36, 32, 27]
- - - - - - - - - - - 
Имя файла: 		learn/4d55523c-e50a-4776-a832-d9bb7109bacc.png
Картинка №37, Ион №1:		[51, 55, 32, 27, 32, 95, 53, 45, 34, 32, 217, 80, 44, 40, 36, 6, 79, 51, 40, 35, 1, 68, 49, 32, 38]
Картинка №37, Ион №2:		[231, 211, 63, 49, 47, 9, 1, 89, 40, 44, 9, 6, 123, 56, 40, 232, 2, 75, 40, 32, 193, 155, 69, 36, 47]
Картинка №37, Ион №3:		[75, 120, 110, 57, 28, 123, 5, 221, 80, 36, 173, 26, 2, 88, 52, 210, 2, 3, 75, 51, 136, 5, 236, 87, 34]
Картинка №37, Ион №4:		[44, 52, 75, 75, 53, 47, 107, 2, 176, 75, 47, 160, 6, 1, 68, 63, 219, 8, 241, 67, 59, 191, 7, 247, 89]
- - - - - - - - - - - 
Имя файла: 		learn/4d664960-fe0b-4ea4-8352-af07dd40669a.png
Картинка №38, Ион №1:		[42, 44, 36, 28, 32, 81, 47, 38, 34, 38, 219, 75, 42, 42, 34, 7, 95, 59, 39, 36, 9, 87, 44, 42, 35]
Картинка №38, Ион №2:		[126, 138, 51, 38, 36, 35, 2, 80, 53, 55, 104, 8, 75, 51, 71, 7, 6, 79, 51, 43, 105, 105, 63, 47, 36]
Картинка №38, Ион №3:		[56, 83, 61, 38, 39, 91, 219, 138, 47, 40, 153, 4, 221, 71, 44, 147, 4, 200, 59, 56, 104, 0, 172, 60, 51]
Картинка №38, Ион №4:		[28, 36, 30, 36, 32, 27, 38, 31, 27, 30, 28, 36, 36, 32, 32, 32, 32, 34, 32, 30, 24, 35, 26, 31, 31]
- - - - - - - - - - - 
Имя файла: 		learn/4d66bd39-5373-407b-8fa1-e283d49ebcbd(1).png
Картинка №39, Ион №1:		[67, 44, 38, 40, 32, 160, 65, 51, 47, 34, 4, 75, 44, 45, 42, 44, 96, 72, 68, 65, 6, 91, 55, 42, 32]
Картинка №39, Ион №2:		[32, 32, 32, 35, 36, 31, 30, 32, 27, 24, 26, 32, 30, 28, 39, 32, 36, 32, 35, 30, 32, 40, 35, 35, 35]
Картинка №39, Ион №3:		[84, 196, 104, 51, 35, 217, 63, 3, 83, 49, 1, 236, 27, 83, 59, 166, 9, 12, 80, 42, 89, 191, 191, 76, 36]
Картинка №39, Ион №4:		[42, 52, 126, 72, 39, 42, 93, 1, 158, 57, 53, 96, 12, 229, 63, 52, 151, 9, 225, 71, 47, 120, 244, 213, 56]
- - - - - - - - - - - 
Имя файла: 		learn/4d66bd39-5373-407b-8fa1-e283d49ebcbd.png
Картинка №40, Ион №1:		[67, 44, 38, 40, 32, 160, 65, 51, 47, 34, 4, 75, 44, 45, 42, 44, 96, 72, 68, 65, 6, 91, 55, 42, 32]
Картинка №40, Ион №2:		[32, 32, 32, 35, 36, 31, 30, 32, 27, 24, 26, 32, 30, 28, 39, 32, 36, 32, 35, 30, 32, 40, 35, 35, 35]
Картинка №40, Ион №3:		[84, 196, 104, 51, 35, 217, 63, 3, 83, 49, 1, 236, 27, 83, 59, 166, 9, 12, 80, 42, 89, 191, 191, 76, 36]
Картинка №40, Ион №4:		[42, 52, 126, 72, 39, 42, 93, 1, 158, 57, 53, 96, 12, 229, 63, 52, 151, 9, 225, 71, 47, 120, 244, 213, 56]
- - - - - - - - - - - 
Имя файла: 		learn/4d684cd2-45c1-4d93-96e0-efbbd01cb312.png
Картинка №41, Ион №1:		[59, 44, 39, 31, 36, 123, 45, 43, 44, 39, 0, 91, 47, 51, 35, 21, 72, 48, 48, 32, 6, 81, 47, 45, 32]
Картинка №41, Ион №2:		[208, 236, 60, 27, 34, 75, 9, 87, 55, 61, 140, 24, 132, 47, 53, 8, 4, 83, 47, 35, 155, 120, 51, 44, 36]
Картинка №41, Ион №3:		[75, 113, 91, 40, 32, 157, 9, 1, 89, 49, 208, 100, 7, 96, 57, 211, 36, 7, 98, 35, 120, 4, 1, 68, 47]
Картинка №41, Ион №4:		[28, 28, 28, 30, 36, 31, 26, 30, 32, 28, 27, 26, 30, 27, 27, 26, 32, 28, 30, 27, 28, 32, 27, 32, 28]
- - - - - - - - - - - 
Имя файла: 		learn/4d7f917d-8f79-4b3a-b33b-f54611af13be.png
Картинка №42, Ион №1:		[56, 40, 30, 32, 31, 91, 59, 40, 40, 28, 187, 75, 35, 31, 32, 4, 100, 55, 42, 36, 6, 84, 47, 39, 39]
Картинка №42, Ион №2:		[204, 173, 71, 49, 34, 10, 4, 91, 56, 43, 51, 1, 91, 39, 53, 4, 2, 83, 43, 42, 153, 147, 73, 36, 32]
Картинка №42, Ион №3:		[72, 153, 89, 51, 35, 179, 5, 246, 83, 55, 225, 21, 5, 136, 44, 176, 9, 4, 84, 49, 151, 1, 231, 79, 38]
Картинка №42, Ион №4:		[40, 81, 151, 83, 44, 45, 158, 246, 149, 63, 56, 181, 8, 4, 69, 75, 250, 44, 5, 98, 51, 164, 24, 2, 76]
- - - - - - - - - - - 
Имя файла: 		learn/4da41e6a-03f8-45ec-a103-8641db467834.png
Картинка №43, Ион №1:		[36, 35, 38, 32, 28, 81, 42, 32, 40, 32, 226, 47, 44, 34, 45, 9, 96, 43, 36, 36, 60, 67, 56, 65, 53]
Картинка №43, Ион №2:		[59, 63, 48, 35, 32, 219, 160, 47, 44, 40, 147, 147, 53, 40, 28, 208, 130, 53, 44, 44, 88, 72, 44, 28, 27]
Картинка №43, Ион №3:		[36, 32, 36, 32, 27, 26, 30, 28, 28, 31, 32, 30, 32, 24, 32, 24, 30, 26, 30, 28, 28, 27, 30, 30, 30]
Картинка №43, Ион №4:		[32, 32, 32, 39, 32, 32, 28, 28, 30, 28, 31, 39, 24, 32, 35, 28, 28, 27, 36, 32, 28, 32, 26, 32, 39]
- - - - - - - - - - - 
Имя файла: 		learn/4dff8e48-9731-4685-9b63-bd67ad72fe67.png
Картинка №44, Ион №1:		[32, 26, 34, 27, 28, 39, 30, 30, 28, 39, 28, 27, 36, 28, 32, 31, 32, 39, 32, 31, 27, 30, 36, 28, 24]
Картинка №44, Ион №2:		[0, 163, 56, 47, 40, 73, 4, 83, 44, 44, 120, 7, 87, 53, 57, 7, 4, 111, 53, 35, 170, 111, 55, 51, 28]
Картинка №44, Ион №3:		[60, 102, 79, 49, 38, 104, 0, 157, 67, 44, 196, 36, 1, 88, 47, 191, 2, 246, 69, 38, 138, 0, 128, 55, 42]
Картинка №44, Ион №4:		[31, 31, 36, 36, 32, 28, 32, 30, 32, 26, 35, 32, 30, 30, 31, 26, 30, 27, 31, 28, 27, 28, 27, 39, 28]
- - - - - - - - - - - 
Имя файла: 		learn/4e42c2df-69d4-4ed7-b068-3433abd0a03d.png
Картинка №45, Ион №1:		[68, 51, 36, 36, 36, 208, 79, 36, 40, 38, 2, 76, 49, 40, 44, 12, 85, 61, 42, 48, 5, 87, 45, 36, 49]
Картинка №45, Ион №2:		[2, 4, 72, 40, 53, 51, 18, 83, 44, 43, 65, 9, 105, 51, 64, 2, 2, 81, 51, 47, 143, 142, 59, 32, 35]
Картинка №45, Ион №3:		[67, 238, 145, 53, 42, 147, 15, 4, 71, 36, 211, 68, 11, 87, 47, 181, 6, 5, 75, 40, 67, 1, 191, 73, 55]
Картинка №45, Ион №4:		[48, 65, 185, 115, 63, 47, 166, 4, 240, 67, 51, 173, 28, 4, 93, 51, 179, 48, 5, 81, 60, 102, 4, 4, 76]
- - - - - - - - - - - 
Имя файла: 		learn/4ec801bb-f61d-4c24-b522-ed412e59e385.png
Картинка №46, Ион №1:		[26, 28, 27, 40, 27, 40, 30, 30, 32, 32, 27, 30, 30, 27, 27, 28, 32, 27, 32, 26, 31, 32, 32, 27, 24]
Картинка №46, Ион №2:		[2, 238, 75, 39, 36, 39, 4, 79, 49, 32, 39, 5, 120, 51, 52, 5, 4, 84, 53, 47, 151, 157, 71, 49, 45]
Картинка №46, Ион №3:		[68, 138, 111, 53, 36, 173, 9, 246, 51, 39, 196, 51, 8, 149, 36, 221, 9, 8, 91, 52, 143, 231, 247, 81, 42]
Картинка №46, Ион №4:		[47, 68, 120, 60, 55, 63, 149, 255, 191, 73, 67, 225, 40, 6, 63, 55, 178, 24, 9, 96, 57, 110, 7, 1, 88]
- - - - - - - - - - - 
Имя файла: 		learn/4efc2f4f-4b56-4a96-b0dd-b08642ed2d57.png
Картинка №47, Ион №1:		[47, 42, 26, 34, 24, 85, 45, 38, 32, 38, 153, 52, 47, 47, 31, 1, 67, 52, 53, 44, 1, 76, 56, 32, 44]
Картинка №47, Ион №2:		[55, 55, 32, 32, 39, 79, 68, 44, 31, 40, 75, 59, 38, 34, 32, 69, 63, 44, 36, 47, 42, 44, 36, 30, 24]
Картинка №47, Ион №3:		[30, 27, 27, 32, 27, 31, 27, 39, 26, 34, 28, 28, 34, 28, 39, 30, 30, 28, 30, 28, 36, 35, 36, 35, 32]
Картинка №47, Ион №4:		[30, 24, 32, 30, 32, 36, 32, 31, 28, 32, 32, 28, 36, 28, 32, 26, 30, 28, 26, 30, 32, 28, 27, 39, 39]
- - - - - - - - - - - 
Имя файла: 		learn/4f007021-4b61-40a2-948c-d5606f72cc25.png
Картинка №48, Ион №1:		[31, 31, 27, 27, 30, 26, 30, 26, 28, 30, 24, 27, 30, 27, 24, 28, 30, 27, 24, 26, 30, 30, 26, 32, 27]
Картинка №48, Ион №2:		[202, 196, 59, 36, 43, 64, 8, 64, 49, 36, 69, 14, 79, 60, 61, 9, 7, 83, 49, 40, 151, 229, 63, 47, 40]
Картинка №48, Ион №3:		[31, 30, 30, 39, 24, 30, 26, 27, 26, 36, 30, 26, 28, 32, 27, 35, 24, 28, 28, 24, 32, 32, 28, 32, 31]
Картинка №48, Ион №4:		[36, 49, 88, 65, 40, 35, 107, 1, 138, 75, 47, 163, 59, 3, 84, 60, 213, 4, 5, 96, 63, 191, 31, 4, 91]
- - - - - - - - - - - 
Имя файла: 		learn/5a0d156d-6963-4dc6-8f41-b53b6446bcec.png
Картинка №49, Ион №1:		[28, 26, 32, 36, 39, 32, 31, 30, 27, 31, 28, 30, 32, 28, 32, 32, 27, 27, 32, 31, 30, 32, 31, 30, 28]
Картинка №49, Ион №2:		[27, 34, 27, 24, 32, 31, 27, 28, 32, 27, 27, 32, 32, 34, 24, 26, 24, 32, 31, 28, 24, 30, 31, 28, 26]
Картинка №49, Ион №3:		[88, 130, 111, 43, 47, 181, 2, 189, 75, 59, 200, 51, 5, 100, 47, 206, 1, 5, 91, 36, 164, 2, 231, 60, 51]
Картинка №49, Ион №4:		[47, 67, 104, 59, 56, 59, 138, 191, 179, 56, 75, 232, 6, 1, 87, 56, 208, 34, 4, 91, 65, 163, 2, 3, 68]
- - - - - - - - - - - 
Имя файла: 		learn/5a23cf6a-6d93-45cc-8f18-47cc447f0f8e.png
Картинка №50, Ион №1:		[47, 35, 38, 32, 28, 91, 47, 38, 36, 32, 234, 69, 44, 44, 38, 6, 98, 39, 40, 47, 9, 76, 56, 51, 36]
Картинка №50, Ион №2:		[185, 178, 57, 36, 34, 96, 4, 111, 39, 59, 85, 8, 153, 55, 60, 43, 4, 80, 47, 44, 107, 125, 69, 39, 39]
Картинка №50, Ион №3:		[32, 34, 36, 28, 34, 36, 47, 38, 35, 31, 39, 56, 63, 51, 26, 52, 51, 53, 47, 30, 30, 47, 31, 47, 43]
Картинка №50, Ион №4:		[47, 56, 79, 81, 44, 52, 151, 1, 173, 60, 60, 176, 51, 4, 79, 67, 253, 4, 5, 73, 59, 216, 45, 2, 102]
- - - - - - - - - - - 
Имя файла: 		learn/5a6f38c2-e74f-45bb-aa22-bfd8e682e2b7.png
Картинка №51, Ион №1:		[24, 30, 32, 34, 30, 26, 32, 28, 28, 28, 32, 28, 30, 26, 36, 26, 32, 34, 35, 27, 26, 30, 24, 24, 31]
Картинка №51, Ион №2:		[185, 132, 53, 39, 38, 9, 1, 68, 45, 32, 6, 1, 71, 47, 45, 2, 0, 64, 52, 53, 126, 105, 57, 40, 35]
Картинка №51, Ион №3:		[72, 142, 102, 47, 42, 143, 2, 229, 59, 39, 221, 3, 3, 75, 52, 213, 8, 4, 83, 49, 157, 1, 1, 75, 44]
Картинка №51, Ион №4:		[38, 96, 155, 73, 42, 59, 138, 202, 191, 55, 55, 170, 36, 2, 72, 59, 219, 47, 3, 59, 63, 115, 7, 3, 55]
- - - - - - - - - - - 
Имя файла: 		learn/5a864452-c1cc-4c05-8533-631ae52d1964.png
Картинка №52, Ион №1:		[42, 35, 28, 28, 32, 59, 51, 36, 38, 27, 83, 51, 42, 32, 30, 92, 69, 36, 35, 31, 81, 38, 35, 47, 35]
Картинка №52, Ион №2:		[157, 120, 44, 34, 38, 0, 191, 59, 45, 40, 253, 225, 72, 43, 32, 221, 179, 57, 47, 47, 76, 120, 51, 55, 32]
Картинка №52, Ион №3:		[72, 216, 105, 53, 32, 143, 5, 236, 56, 47, 189, 51, 9, 119, 44, 170, 8, 6, 84, 55, 87, 4, 234, 85, 40]
Картинка №52, Ион №4:		[44, 69, 123, 80, 39, 44, 130, 2, 157, 71, 56, 170, 9, 250, 77, 57, 202, 40, 3, 87, 51, 130, 6, 0, 85]
- - - - - - - - - - - 
Имя файла: 		learn/5a8908fd-1f7c-4068-b026-2ca8f96ab23d.png
Картинка №53, Ион №1:		[53, 44, 36, 36, 36, 136, 68, 40, 31, 39, 216, 60, 47, 45, 45, 3, 80, 65, 47, 26, 2, 79, 44, 35, 24]
Картинка №53, Ион №2:		[4, 1, 81, 40, 32, 16, 6, 79, 49, 51, 28, 16, 87, 60, 52, 2, 204, 71, 51, 40, 143, 151, 56, 36, 36]
Картинка №53, Ион №3:		[64, 163, 104, 47, 32, 185, 7, 208, 56, 44, 232, 76, 8, 89, 60, 172, 5, 4, 91, 43, 145, 253, 231, 64, 44]
Картинка №53, Ион №4:		[39, 59, 181, 87, 60, 42, 163, 2, 250, 71, 49, 0, 38, 3, 72, 72, 185, 87, 2, 79, 63, 176, 6, 3, 87]
- - - - - - - - - - - 
Имя файла: 		learn/5a93e3ba-d74b-4548-8a52-fceac2973f71.png
Картинка №54, Ион №1:		[36, 30, 34, 30, 35, 35, 28, 28, 32, 26, 28, 28, 24, 36, 35, 36, 34, 28, 36, 31, 36, 28, 24, 24, 28]
Картинка №54, Ион №2:		[238, 157, 59, 45, 40, 61, 2, 72, 49, 69, 100, 7, 88, 61, 40, 32, 4, 89, 55, 65, 200, 138, 75, 36, 43]
Картинка №54, Ион №3:		[53, 160, 93, 48, 39, 164, 6, 202, 73, 51, 1, 3, 3, 87, 55, 244, 55, 5, 85, 51, 110, 3, 244, 84, 59]
Картинка №54, Ион №4:		[40, 75, 138, 63, 51, 51, 91, 0, 181, 61, 51, 179, 244, 244, 64, 60, 250, 2, 3, 80, 53, 226, 8, 2, 83]
- - - - - - - - - - - 
Имя файла: 		learn/5b083a94-83e8-4e1c-b435-86ccd6e54322.png
Картинка №55, Ион №1:		[91, 52, 36, 31, 30, 110, 59, 38, 32, 38, 1, 69, 39, 36, 48, 2, 75, 55, 43, 39, 225, 79, 53, 40, 44]
Картинка №55, Ион №2:		[0, 216, 65, 36, 44, 30, 1, 85, 40, 40, 51, 7, 89, 44, 61, 2, 202, 73, 52, 55, 145, 132, 56, 44, 34]
Картинка №55, Ион №3:		[126, 173, 125, 44, 32, 138, 6, 241, 69, 40, 208, 31, 4, 79, 40, 168, 3, 2, 71, 47, 126, 234, 189, 71, 32]
Картинка №55, Ион №4:		[56, 91, 151, 102, 42, 63, 143, 3, 191, 55, 60, 142, 7, 0, 67, 77, 164, 8, 255, 79, 53, 120, 0, 238, 71]
- - - - - - - - - - - 
Имя файла: 		learn/5b620190-a569-450a-9a06-c3178c4f6ce6.png
Картинка №56, Ион №1:		[75, 32, 40, 38, 36, 128, 57, 49, 38, 39, 5, 75, 51, 55, 38, 5, 93, 44, 40, 32, 2, 72, 53, 43, 40]
Картинка №56, Ион №2:		[2, 1, 73, 36, 32, 48, 8, 100, 47, 53, 16, 6, 81, 56, 44, 5, 1, 80, 49, 36, 120, 143, 56, 47, 35]
Картинка №56, Ион №3:		[57, 134, 72, 47, 42, 81, 2, 208, 60, 44, 151, 7, 2, 76, 48, 128, 2, 244, 67, 51, 84, 196, 126, 65, 42]
Картинка №56, Ион №4:		[55, 87, 179, 93, 56, 51, 138, 2, 216, 65, 60, 181, 40, 1, 83, 55, 196, 43, 1, 84, 47, 120, 5, 2, 81]
- - - - - - - - - - - 
Имя файла: 		learn/5bca1a63-5c3c-4a10-8eff-092c04f46a91.png
Картинка №57, Ион №1:		[47, 36, 42, 39, 28, 95, 55, 42, 43, 47, 231, 59, 44, 47, 47, 10, 89, 53, 67, 38, 4, 100, 52, 47, 40]
Картинка №57, Ион №2:		[28, 31, 30, 28, 26, 34, 26, 36, 31, 32, 36, 32, 28, 34, 24, 30, 35, 36, 38, 36, 26, 24, 28, 27, 32]
Картинка №57, Ион №3:		[32, 36, 30, 30, 24, 39, 43, 40, 30, 24, 44, 53, 44, 34, 30, 38, 51, 39, 30, 40, 36, 51, 43, 36, 30]
Картинка №57, Ион №4:		[51, 52, 104, 71, 51, 51, 143, 2, 158, 71, 67, 231, 67, 3, 71, 59, 0, 38, 9, 75, 75, 213, 18, 3, 72]
- - - - - - - - - - - 
Имя файла: 		learn/5bf07538-5020-4da4-84ed-660df553c9ab.png
Картинка №58, Ион №1:		[40, 30, 28, 27, 30, 44, 32, 32, 31, 36, 40, 30, 28, 27, 27, 55, 45, 36, 34, 27, 55, 32, 35, 28, 28]
Картинка №58, Ион №2:		[238, 196, 63, 42, 47, 153, 5, 87, 55, 49, 147, 24, 87, 36, 64, 6, 1, 61, 43, 47, 163, 134, 68, 47, 36]
Картинка №58, Ион №3:		[40, 48, 36, 40, 34, 32, 45, 40, 31, 32, 44, 51, 49, 34, 28, 27, 51, 51, 32, 28, 32, 49, 44, 31, 30]
Картинка №58, Ион №4:		[40, 83, 102, 67, 30, 52, 179, 5, 178, 67, 59, 223, 85, 6, 67, 59, 1, 4, 4, 77, 53, 176, 26, 3, 69]
- - - - - - - - - - - 
Имя файла: 		learn/5c5b2655-fbfb-4358-a199-a4595ed45316.png
Картинка №59, Ион №1:		[51, 39, 32, 32, 31, 115, 47, 35, 36, 42, 0, 88, 44, 49, 38, 5, 110, 52, 32, 38, 4, 95, 47, 44, 51]
Картинка №59, Ион №2:		[196, 194, 79, 48, 42, 6, 3, 95, 47, 51, 15, 7, 168, 63, 40, 2, 0, 93, 43, 40, 132, 151, 60, 45, 43]
Картинка №59, Ион №3:		[31, 30, 30, 34, 34, 24, 32, 31, 28, 39, 28, 27, 28, 32, 31, 28, 24, 28, 28, 28, 32, 39, 35, 36, 34]
Картинка №59, Ион №4:		[39, 68, 120, 81, 39, 55, 151, 238, 157, 64, 56, 166, 18, 5, 64, 57, 193, 11, 4, 77, 75, 183, 4, 2, 75]
- - - - - - - - - - - 
Имя файла: 		learn/5cce08fe-91b6-4ce7-b4d0-8694c85c1b1b.png
Картинка №60, Ион №1:		[47, 40, 38, 28, 36, 88, 44, 38, 38, 32, 168, 56, 49, 48, 44, 164, 71, 49, 35, 36, 183, 60, 49, 36, 38]
Картинка №60, Ион №2:		[219, 185, 56, 38, 42, 7, 3, 92, 43, 45, 87, 8, 87, 48, 51, 8, 3, 71, 47, 44, 198, 145, 59, 40, 27]
Картинка №60, Ион №3:		[28, 31, 30, 28, 36, 31, 28, 27, 28, 35, 30, 32, 36, 30, 31, 31, 28, 30, 31, 30, 24, 32, 26, 42, 36]
Картинка №60, Ион №4:		[39, 49, 83, 53, 39, 39, 98, 173, 120, 57, 40, 85, 226, 189, 56, 47, 100, 1, 176, 71, 59, 79, 200, 115, 52]
- - - - - - - - - - - 
Имя файла: 		learn/5cdd72b4-d71e-48f3-a17c-930379bb3287.png
Картинка №61, Ион №1:		[24, 28, 30, 28, 30, 32, 27, 27, 32, 32, 27, 30, 34, 32, 26, 31, 28, 31, 24, 31, 30, 28, 30, 31, 30]
Картинка №61, Ион №2:		[8, 253, 59, 52, 40, 111, 28, 123, 56, 51, 21, 23, 75, 57, 47, 32, 4, 71, 44, 55, 142, 130, 55, 42, 40]
Картинка №61, Ион №3:		[104, 185, 168, 60, 32, 149, 48, 4, 61, 49, 221, 4, 6, 83, 47, 219, 7, 3, 92, 51, 128, 0, 168, 51, 47]
Картинка №61, Ион №4:		[36, 111, 219, 85, 45, 56, 163, 173, 176, 59, 75, 213, 16, 7, 75, 68, 216, 40, 1, 75, 61, 142, 7, 1, 75]
- - - - - - - - - - - 
Имя файла: 		learn/5d6d3f5e-f403-4e1a-80d3-f5e5a253f3ef.png
Картинка №62, Ион №1:		[51, 36, 28, 38, 35, 107, 52, 40, 42, 36, 238, 72, 47, 47, 38, 7, 77, 35, 32, 35, 6, 79, 55, 48, 40]
Картинка №62, Ион №2:		[170, 198, 60, 44, 44, 57, 3, 79, 38, 40, 51, 36, 91, 49, 51, 18, 6, 79, 51, 40, 151, 202, 51, 36, 45]
Картинка №62, Ион №3:		[51, 69, 65, 39, 28, 69, 130, 104, 39, 35, 113, 3, 155, 59, 42, 89, 221, 172, 63, 39, 73, 176, 98, 57, 42]
Картинка №62, Ион №4:		[44, 53, 130, 80, 32, 49, 98, 241, 126, 56, 52, 158, 18, 238, 59, 53, 178, 18, 4, 67, 53, 158, 28, 4, 69]
- - - - - - - - - - - 
Имя файла: 		learn/5d8c49ca-7d21-4377-9993-6a3c8eb981d5.png
Картинка №63, Ион №1:		[32, 27, 24, 23, 27, 32, 24, 24, 26, 28, 30, 24, 26, 31, 24, 32, 30, 30, 28, 30, 24, 28, 32, 32, 34]
Картинка №63, Ион №2:		[1, 241, 72, 40, 40, 61, 12, 88, 51, 55, 67, 8, 87, 53, 55, 4, 234, 59, 47, 65, 98, 130, 52, 39, 49]
Картинка №63, Ион №3:		[71, 196, 149, 59, 42, 178, 34, 4, 68, 47, 1, 4, 6, 87, 45, 232, 6, 4, 87, 51, 163, 0, 211, 67, 44]
Картинка №63, Ион №4:		[36, 34, 40, 36, 34, 32, 36, 40, 38, 32, 32, 40, 40, 44, 36, 32, 40, 48, 32, 30, 32, 40, 35, 32, 39]
- - - - - - - - - - - 
Имя файла: 		learn/5d924890-ce6f-411a-9e92-371d276bad68.png
Картинка №64, Ион №1:		[51, 42, 35, 35, 28, 149, 65, 42, 31, 26, 0, 76, 47, 40, 35, 9, 111, 56, 68, 32, 5, 76, 51, 63, 44]
Картинка №64, Ион №2:		[1, 163, 75, 40, 36, 6, 6, 92, 49, 44, 64, 16, 85, 48, 53, 6, 3, 53, 44, 40, 93, 110, 56, 42, 35]
Картинка №64, Ион №3:		[87, 173, 117, 53, 44, 164, 28, 1, 71, 45, 1, 3, 8, 96, 47, 221, 9, 3, 80, 53, 155, 0, 160, 91, 51]
Картинка №64, Ион №4:		[44, 52, 91, 72, 48, 59, 143, 2, 173, 59, 59, 253, 63, 3, 93, 63, 229, 85, 4, 75, 69, 143, 3, 1, 71]
- - - - - - - - - - - 
Имя файла: 		learn/5da30fdc-8d21-43e0-aedb-9dea04eaf012.png
Картинка №65, Ион №1:		[51, 42, 39, 36, 32, 110, 56, 34, 38, 36, 225, 65, 47, 48, 47, 20, 89, 55, 48, 31, 2, 75, 51, 55, 40]
Картинка №65, Ион №2:		[232, 208, 51, 44, 38, 27, 3, 79, 44, 47, 22, 7, 98, 47, 31, 5, 1, 105, 59, 44, 104, 115, 71, 31, 42]
Картинка №65, Ион №3:		[79, 140, 80, 51, 39, 164, 6, 217, 52, 52, 229, 138, 8, 96, 44, 213, 6, 7, 81, 38, 134, 6, 219, 77, 52]
Картинка №65, Ион №4:		[36, 53, 53, 53, 36, 42, 153, 1, 185, 63, 67, 191, 64, 2, 77, 72, 2, 2, 6, 73, 60, 155, 28, 2, 64]
- - - - - - - - - - - 
Имя файла: 		learn/5dc42d5a-9dfa-4b2f-9685-42a846108989.png
Картинка №66, Ион №1:		[52, 44, 24, 36, 28, 147, 51, 35, 32, 36, 1, 83, 47, 40, 44, 26, 93, 59, 34, 40, 6, 75, 53, 28, 45]
Картинка №66, Ион №2:		[4, 202, 69, 44, 44, 79, 10, 111, 34, 31, 136, 10, 117, 44, 40, 8, 7, 76, 44, 38, 119, 104, 49, 34, 32]
Картинка №66, Ион №3:		[44, 75, 79, 42, 36, 91, 246, 157, 53, 42, 104, 2, 250, 76, 30, 126, 191, 191, 71, 42, 63, 107, 75, 51, 36]
Картинка №66, Ион №4:		[44, 55, 63, 63, 51, 42, 138, 3, 151, 56, 71, 231, 88, 6, 79, 51, 240, 87, 5, 92, 59, 168, 9, 7, 95]
- - - - - - - - - - - 
Имя файла: 		learn/5de4d76f-825b-41e5-8282-864e9858c224.png
Картинка №67, Ион №1:		[32, 28, 32, 26, 26, 27, 27, 32, 26, 27, 31, 26, 32, 30, 26, 27, 26, 39, 24, 26, 32, 31, 32, 27, 36]
Картинка №67, Ион №2:		[5, 234, 71, 55, 36, 125, 7, 84, 56, 40, 111, 9, 130, 60, 67, 5, 210, 69, 45, 40, 138, 92, 51, 30, 28]
Картинка №67, Ион №3:		[83, 217, 145, 72, 36, 231, 38, 3, 77, 48, 255, 164, 8, 89, 60, 221, 18, 5, 81, 56, 126, 229, 178, 71, 32]
Картинка №67, Ион №4:		[35, 64, 176, 88, 63, 49, 206, 6, 191, 65, 56, 179, 83, 3, 65, 63, 193, 68, 8, 89, 63, 163, 5, 226, 71]
- - - - - - - - - - - 
Имя файла: 		learn/5e512bf2-1a56-4b4c-9cf7-07e6ee92f757.png
Картинка №68, Ион №1:		[57, 39, 40, 35, 38, 126, 52, 32, 40, 36, 204, 84, 40, 39, 40, 8, 84, 48, 30, 52, 9, 72, 47, 51, 40]
Картинка №68, Ион №2:		[225, 204, 71, 36, 49, 32, 8, 104, 48, 57, 128, 23, 93, 60, 53, 9, 5, 72, 53, 51, 151, 183, 52, 35, 36]
Картинка №68, Ион №3:		[30, 27, 36, 38, 32, 32, 32, 30, 36, 26, 30, 30, 26, 35, 27, 27, 28, 27, 28, 28, 35, 31, 36, 35, 31]
Картинка №68, Ион №4:		[51, 51, 91, 65, 44, 59, 138, 2, 168, 59, 63, 193, 36, 2, 73, 59, 196, 2, 6, 75, 56, 179, 7, 1, 84]
- - - - - - - - - - - 
Имя файла: 		learn/5e53a0b2-d52b-43bf-92c8-a4a16584e45d(1).png
Картинка №69, Ион №1:		[26, 32, 39, 32, 27, 34, 31, 24, 36, 28, 28, 30, 27, 30, 34, 32, 30, 36, 32, 28, 42, 27, 24, 28, 27]
Картинка №69, Ион №2:		[157, 115, 52, 32, 36, 1, 231, 71, 45, 43, 3, 2, 77, 49, 30, 3, 221, 75, 44, 44, 158, 125, 75, 44, 36]
Картинка №69, Ион №3:		[89, 179, 168, 68, 42, 120, 2, 1, 69, 44, 107, 2, 236, 72, 47, 179, 2, 0, 76, 51, 96, 2, 216, 61, 52]
Картинка №69, Ион №4:		[40, 76, 80, 81, 45, 53, 143, 223, 132, 65, 67, 142, 8, 194, 64, 63, 163, 6, 0, 77, 64, 173, 0, 250, 75]
- - - - - - - - - - - 
Имя файла: 		learn/5e53a0b2-d52b-43bf-92c8-a4a16584e45d.png
Картинка №70, Ион №1:		[26, 32, 39, 32, 27, 34, 31, 24, 36, 28, 28, 30, 27, 30, 34, 32, 30, 36, 32, 28, 42, 27, 24, 28, 27]
Картинка №70, Ион №2:		[157, 115, 52, 32, 36, 1, 231, 71, 45, 43, 3, 2, 77, 49, 30, 3, 221, 75, 44, 44, 158, 125, 75, 44, 36]
Картинка №70, Ион №3:		[89, 179, 168, 68, 42, 120, 2, 1, 69, 44, 107, 2, 236, 72, 47, 179, 2, 0, 76, 51, 96, 2, 216, 61, 52]
Картинка №70, Ион №4:		[40, 76, 80, 81, 45, 53, 143, 223, 132, 65, 67, 142, 8, 194, 64, 63, 163, 6, 0, 77, 64, 173, 0, 250, 75]
- - - - - - - - - - - 
Имя файла: 		learn/5e647d22-f594-438e-8447-f93cd1470080.png
Картинка №71, Ион №1:		[31, 36, 26, 26, 30, 56, 36, 44, 31, 28, 55, 47, 36, 26, 32, 56, 51, 36, 36, 24, 73, 43, 36, 32, 32]
Картинка №71, Ион №2:		[51, 57, 35, 36, 28, 75, 65, 48, 32, 36, 73, 75, 51, 36, 38, 68, 76, 48, 34, 36, 47, 60, 40, 36, 27]
Картинка №71, Ион №3:		[36, 55, 47, 39, 39, 44, 47, 59, 43, 30, 72, 79, 84, 59, 31, 65, 65, 79, 44, 35, 44, 59, 65, 43, 35]
Картинка №71, Ион №4:		[42, 30, 31, 26, 35, 35, 31, 28, 27, 32, 36, 24, 24, 28, 26, 32, 36, 34, 34, 27, 36, 32, 30, 34, 30]
- - - - - - - - - - - 
Имя файла: 		learn/5e838eb2-cb22-48b0-a3c3-2dcff137ccc7.png
Картинка №72, Ион №1:		[48, 44, 32, 38, 30, 87, 42, 30, 42, 28, 225, 75, 51, 47, 44, 6, 79, 55, 67, 40, 7, 67, 56, 60, 44]
Картинка №72, Ион №2:		[0, 178, 59, 36, 44, 104, 4, 59, 44, 27, 4, 6, 87, 65, 43, 45, 4, 76, 55, 53, 189, 147, 55, 44, 47]
Картинка №72, Ион №3:		[27, 30, 28, 32, 28, 30, 35, 26, 28, 30, 30, 28, 34, 32, 40, 31, 34, 27, 43, 32, 30, 27, 36, 32, 30]
Картинка №72, Ион №4:		[42, 72, 72, 65, 49, 44, 111, 111, 93, 71, 40, 208, 219, 217, 71, 59, 247, 2, 4, 96, 57, 223, 24, 2, 71]
- - - - - - - - - - - 
Имя файла: 		learn/5e8af1a0-97f9-4bb0-9974-1422f1b45f02.png
Картинка №73, Ион №1:		[44, 32, 32, 32, 40, 71, 31, 36, 32, 34, 77, 61, 39, 30, 27, 102, 57, 36, 34, 27, 92, 56, 39, 30, 40]
Картинка №73, Ион №2:		[241, 189, 72, 42, 32, 7, 255, 85, 42, 38, 48, 8, 113, 47, 32, 8, 3, 95, 51, 36, 183, 157, 53, 39, 39]
Картинка №73, Ион №3:		[65, 140, 105, 42, 35, 178, 7, 244, 55, 36, 200, 43, 5, 93, 52, 179, 4, 2, 89, 51, 120, 1, 189, 73, 52]
Картинка №73, Ион №4:		[35, 45, 73, 52, 38, 38, 67, 91, 51, 51, 36, 79, 132, 145, 47, 40, 75, 136, 83, 59, 36, 83, 132, 87, 49]
- - - - - - - - - - - 
Имя файла: 		learn/5eabd319-4250-4422-b83d-739ba05ef14c.png
Картинка №74, Ион №1:		[40, 36, 36, 31, 40, 61, 32, 34, 32, 32, 79, 36, 36, 34, 28, 105, 40, 38, 36, 31, 128, 44, 36, 32, 28]
Картинка №74, Ион №2:		[1, 198, 53, 47, 39, 79, 4, 91, 59, 64, 40, 9, 113, 49, 57, 12, 1, 71, 55, 32, 191, 151, 67, 34, 42]
Картинка №74, Ион №3:		[91, 158, 125, 43, 38, 178, 223, 225, 73, 40, 244, 95, 15, 71, 49, 1, 8, 7, 91, 53, 100, 4, 219, 83, 64]
Картинка №74, Ион №4:		[35, 65, 149, 84, 47, 53, 115, 1, 179, 59, 56, 225, 255, 253, 83, 60, 194, 44, 8, 77, 68, 170, 6, 3, 64]
- - - - - - - - - - - 
Имя файла: 		learn/5edb006e-8761-40c4-9af3-8a43d2edf5b1.png
Картинка №75, Ион №1:		[28, 28, 23, 31, 30, 27, 34, 27, 31, 27, 28, 28, 32, 38, 32, 30, 26, 31, 24, 35, 30, 32, 36, 30, 27]
Картинка №75, Ион №2:		[238, 163, 89, 36, 36, 23, 3, 89, 44, 47, 24, 8, 105, 42, 39, 18, 1, 77, 47, 47, 221, 115, 63, 42, 40]
Картинка №75, Ион №3:		[71, 173, 136, 51, 30, 147, 6, 1, 67, 40, 143, 57, 6, 64, 48, 225, 24, 2, 76, 42, 138, 0, 246, 68, 47]
Картинка №75, Ион №4:		[32, 67, 126, 93, 60, 55, 163, 238, 149, 63, 67, 196, 32, 7, 107, 77, 196, 5, 6, 83, 64, 166, 3, 2, 91]
- - - - - - - - - - - 
Имя файла: 		learn/5ee4eb9f-5bf4-4f5b-b172-25aa686df89c.png
Картинка №76, Ион №1:		[75, 43, 36, 30, 28, 134, 68, 38, 28, 31, 3, 80, 52, 39, 35, 6, 110, 51, 64, 55, 24, 84, 52, 49, 45]
Картинка №76, Ион №2:		[4, 0, 68, 39, 40, 95, 11, 91, 47, 63, 96, 5, 100, 51, 59, 32, 5, 79, 40, 59, 155, 168, 59, 35, 34]
Картинка №76, Ион №3:		[85, 173, 115, 49, 32, 202, 204, 196, 48, 43, 2, 91, 16, 76, 51, 206, 43, 5, 80, 53, 115, 3, 238, 72, 57]
Картинка №76, Ион №4:		[28, 39, 26, 24, 22, 30, 30, 27, 30, 34, 28, 28, 28, 32, 35, 26, 32, 27, 26, 39, 34, 32, 31, 32, 32]
- - - - - - - - - - - 
Имя файла: 		learn/5ee5bb32-9122-450e-8978-4cc622d3f189.png
Картинка №77, Ион №1:		[40, 36, 30, 32, 32, 76, 45, 43, 40, 36, 202, 56, 45, 31, 28, 4, 69, 52, 32, 40, 232, 59, 55, 45, 40]
Картинка №77, Ион №2:		[208, 187, 60, 42, 40, 107, 8, 115, 51, 60, 87, 36, 111, 49, 43, 8, 4, 93, 53, 36, 125, 151, 51, 49, 40]
Картинка №77, Ион №3:		[68, 95, 117, 44, 34, 155, 6, 221, 55, 36, 216, 77, 5, 72, 44, 225, 18, 2, 88, 59, 120, 173, 172, 53, 63]
Картинка №77, Ион №4:		[38, 65, 117, 75, 51, 51, 149, 168, 166, 61, 65, 213, 4, 4, 71, 69, 244, 4, 7, 98, 65, 176, 5, 4, 96]
- - - - - - - - - - - 
Имя файла: 		learn/5f549cce-0157-4648-ba9d-80ef2fd56bd7.png
Картинка №78, Ион №1:		[38, 38, 27, 36, 32, 80, 44, 44, 36, 32, 130, 47, 40, 36, 38, 217, 67, 35, 42, 43, 173, 53, 32, 28, 31]
Картинка №78, Ион №2:		[91, 71, 47, 27, 30, 113, 113, 43, 34, 34, 130, 95, 59, 39, 34, 85, 93, 51, 38, 35, 36, 49, 36, 35, 27]
Картинка №78, Ион №3:		[75, 102, 104, 48, 40, 158, 8, 0, 71, 44, 1, 67, 36, 115, 63, 231, 11, 8, 85, 51, 147, 2, 241, 96, 47]
Картинка №78, Ион №4:		[53, 55, 120, 91, 51, 52, 115, 3, 170, 59, 67, 179, 67, 5, 67, 71, 217, 81, 5, 87, 68, 115, 7, 4, 75]
- - - - - - - - - - - 
Имя файла: 		learn/5f5573ea-677a-4035-9827-80ae7aa93f83.png
Картинка №79, Ион №1:		[68, 32, 34, 35, 32, 119, 67, 43, 40, 34, 231, 76, 43, 44, 28, 1, 79, 51, 67, 48, 6, 80, 51, 32, 45]
Картинка №79, Ион №2:		[250, 229, 67, 36, 36, 2, 2, 87, 47, 44, 55, 15, 76, 44, 38, 1, 225, 89, 56, 42, 185, 157, 68, 48, 39]
Картинка №79, Ион №3:		[30, 28, 32, 35, 26, 28, 23, 24, 24, 28, 30, 30, 39, 28, 28, 30, 28, 35, 30, 27, 38, 31, 36, 28, 32]
Картинка №79, Ион №4:		[47, 53, 61, 67, 39, 36, 77, 132, 79, 59, 44, 93, 183, 163, 59, 55, 98, 176, 138, 51, 43, 84, 185, 138, 67]
- - - - - - - - - - - 
Имя файла: 		learn/5ff2d5f6-571c-4bd8-9aed-b005001a69dc.png
Картинка №80, Ион №1:		[71, 44, 36, 38, 27, 173, 59, 36, 38, 34, 3, 59, 39, 44, 32, 9, 73, 49, 40, 44, 6, 81, 47, 45, 44]
Картинка №80, Ион №2:		[6, 4, 77, 36, 40, 4, 9, 88, 47, 28, 76, 3, 87, 40, 42, 7, 244, 87, 40, 43, 95, 143, 55, 38, 36]
Картинка №80, Ион №3:		[91, 0, 153, 59, 36, 229, 67, 2, 75, 44, 2, 48, 16, 91, 51, 247, 8, 2, 75, 51, 96, 217, 232, 63, 43]
Картинка №80, Ион №4:		[47, 65, 158, 80, 53, 59, 155, 5, 251, 69, 68, 219, 69, 3, 59, 65, 244, 76, 2, 81, 63, 164, 6, 234, 72]
- - - - - - - - - - - 
Имя файла: 		learn/6a504889-0077-41fc-b757-42ce7cfda7ca.png
Картинка №81, Ион №1:		[57, 39, 32, 32, 28, 79, 55, 44, 32, 40, 255, 68, 36, 47, 39, 10, 98, 44, 52, 36, 20, 107, 59, 45, 40]
Картинка №81, Ион №2:		[138, 172, 55, 49, 40, 51, 2, 88, 55, 61, 6, 40, 96, 75, 47, 40, 6, 85, 55, 63, 204, 151, 59, 52, 44]
Картинка №81, Ион №3:		[30, 28, 34, 31, 30, 32, 28, 28, 28, 39, 32, 26, 35, 32, 27, 24, 36, 34, 24, 34, 28, 30, 30, 30, 30]
Картинка №81, Ион №4:		[39, 40, 64, 52, 44, 44, 73, 91, 67, 44, 40, 75, 202, 120, 44, 40, 93, 119, 132, 55, 36, 83, 213, 96, 47]
- - - - - - - - - - - 
Имя файла: 		learn/6a5d2233-374a-4ebd-82de-0087c24b6929.png
Картинка №82, Ион №1:		[75, 47, 32, 32, 32, 160, 53, 40, 47, 32, 3, 51, 42, 65, 44, 12, 77, 51, 45, 30, 2, 72, 44, 34, 38]
Картинка №82, Ион №2:		[1, 200, 63, 49, 42, 49, 5, 93, 51, 60, 48, 8, 89, 36, 47, 6, 1, 72, 44, 38, 140, 142, 55, 27, 40]
Картинка №82, Ион №3:		[85, 147, 145, 42, 40, 158, 8, 1, 59, 36, 213, 91, 6, 119, 48, 232, 9, 8, 72, 53, 149, 1, 241, 80, 48]
Картинка №82, Ион №4:		[32, 40, 55, 51, 36, 30, 61, 76, 51, 36, 36, 63, 111, 67, 34, 42, 65, 87, 65, 61, 38, 44, 63, 63, 40]
- - - - - - - - - - - 
Имя файла: 		learn/6a6e5ef3-27cc-484e-9265-98a9a851f877.png
Картинка №83, Ион №1:		[52, 40, 44, 35, 27, 123, 53, 40, 43, 31, 221, 79, 40, 47, 47, 8, 71, 51, 57, 39, 4, 96, 43, 47, 51]
Картинка №83, Ион №2:		[238, 164, 79, 45, 49, 75, 4, 98, 51, 42, 51, 9, 102, 52, 63, 9, 253, 72, 48, 48, 164, 104, 59, 47, 44]
Картинка №83, Ион №3:		[31, 27, 27, 30, 28, 32, 27, 36, 27, 30, 38, 28, 24, 26, 35, 24, 27, 27, 26, 31, 30, 32, 27, 32, 28]
Картинка №83, Ион №4:		[40, 67, 92, 87, 39, 49, 123, 1, 173, 71, 63, 168, 73, 1, 77, 72, 172, 26, 5, 83, 69, 151, 4, 4, 69]
- - - - - - - - - - - 
Имя файла: 		learn/6add64b6-0f2d-4bc3-a3b3-3be010d41c7c.png
Картинка №84, Ион №1:		[51, 28, 28, 28, 34, 80, 36, 26, 40, 32, 147, 39, 47, 45, 31, 0, 51, 47, 49, 42, 229, 60, 51, 39, 42]
Картинка №84, Ион №2:		[104, 87, 53, 35, 38, 1, 172, 44, 27, 57, 0, 213, 55, 36, 36, 191, 93, 56, 44, 36, 79, 72, 55, 34, 36]
Картинка №84, Ион №3:		[84, 145, 140, 63, 34, 168, 10, 238, 76, 44, 1, 8, 34, 93, 69, 208, 64, 8, 85, 45, 142, 244, 163, 75, 40]
Картинка №84, Ион №4:		[51, 68, 68, 63, 63, 51, 151, 4, 185, 53, 68, 226, 1, 1, 71, 65, 1, 91, 6, 83, 49, 147, 7, 4, 75]
- - - - - - - - - - - 
Имя файла: 		learn/6af72b4f-4620-472a-a9c8-bc8520bfdfc4.png
Картинка №85, Ион №1:		[63, 47, 42, 39, 36, 105, 79, 42, 40, 28, 0, 91, 47, 49, 40, 9, 92, 51, 56, 51, 5, 91, 51, 48, 40]
Картинка №85, Ион №2:		[0, 1, 71, 39, 38, 49, 8, 142, 48, 48, 32, 4, 98, 59, 34, 1, 4, 83, 48, 36, 153, 83, 68, 32, 28]
Картинка №85, Ион №3:		[80, 178, 155, 47, 47, 206, 5, 0, 111, 59, 225, 1, 16, 123, 51, 208, 234, 1, 128, 53, 111, 200, 185, 71, 47]
Картинка №85, Ион №4:		[40, 47, 87, 59, 38, 39, 83, 225, 104, 51, 51, 151, 2, 240, 63, 51, 110, 1, 200, 69, 47, 91, 198, 151, 59]
- - - - - - - - - - - 
Имя файла: 		learn/6b5cccd0-3f16-4cfb-b634-ef8b39eee2dd.png
Картинка №86, Ион №1:		[59, 38, 38, 36, 32, 136, 67, 32, 40, 35, 1, 67, 39, 32, 27, 6, 80, 71, 43, 43, 247, 98, 53, 34, 40]
Картинка №86, Ион №2:		[2, 250, 81, 40, 44, 30, 5, 92, 44, 69, 9, 7, 107, 51, 48, 4, 1, 92, 44, 40, 83, 73, 60, 40, 38]
Картинка №86, Ион №3:		[104, 157, 119, 59, 47, 179, 16, 1, 84, 47, 0, 34, 9, 115, 52, 204, 4, 8, 80, 38, 83, 250, 164, 67, 40]
Картинка №86, Ион №4:		[45, 79, 77, 67, 51, 47, 147, 3, 196, 53, 55, 244, 9, 244, 72, 59, 158, 36, 3, 77, 56, 117, 2, 253, 79]
- - - - - - - - - - - 
Имя файла: 		learn/6b6a2b9b-9a7e-42ba-b91e-5cedfb4ac59f.png
Картинка №87, Ион №1:		[75, 44, 27, 36, 34, 87, 47, 38, 39, 32, 160, 67, 48, 38, 40, 1, 60, 44, 42, 38, 219, 71, 40, 40, 34]
Картинка №87, Ион №2:		[30, 32, 27, 26, 34, 30, 24, 27, 27, 27, 30, 32, 31, 27, 36, 28, 26, 32, 30, 28, 27, 28, 26, 30, 36]
Картинка №87, Ион №3:		[98, 185, 151, 55, 39, 119, 173, 176, 52, 42, 168, 226, 241, 79, 61, 181, 2, 225, 77, 40, 119, 3, 219, 60, 39]
Картинка №87, Ион №4:		[47, 81, 81, 76, 30, 39, 130, 244, 157, 51, 55, 168, 8, 210, 71, 52, 179, 8, 211, 68, 53, 140, 4, 247, 65]
- - - - - - - - - - - 
Имя файла: 		learn/6bb47577-f855-4efa-ae31-5de85c92c6de.png
Картинка №88, Ион №1:		[47, 39, 28, 32, 30, 147, 47, 49, 43, 31, 2, 67, 47, 47, 30, 5, 87, 47, 53, 42, 8, 80, 59, 44, 48]
Картинка №88, Ион №2:		[3, 236, 59, 45, 47, 110, 11, 110, 52, 64, 72, 9, 120, 59, 30, 3, 1, 75, 42, 36, 142, 166, 63, 36, 32]
Картинка №88, Ион №3:		[32, 28, 23, 35, 30, 26, 26, 28, 26, 28, 27, 31, 32, 32, 26, 26, 35, 30, 32, 26, 36, 32, 30, 27, 35]
Картинка №88, Ион №4:		[44, 61, 123, 72, 34, 47, 113, 219, 143, 53, 68, 173, 34, 246, 73, 67, 163, 244, 1, 67, 59, 136, 2, 244, 65]
- - - - - - - - - - - 
Имя файла: 		learn/6bc94040-4db9-40fe-854b-dd4a7530b4ae.png
Картинка №89, Ион №1:		[32, 30, 32, 28, 32, 32, 32, 39, 30, 26, 27, 27, 32, 27, 40, 27, 38, 28, 36, 32, 24, 32, 24, 27, 36]
Картинка №89, Ион №2:		[216, 120, 56, 40, 42, 76, 3, 75, 48, 60, 63, 3, 72, 39, 40, 5, 0, 72, 49, 44, 92, 87, 56, 44, 39]
Картинка №89, Ион №3:		[59, 92, 73, 40, 36, 91, 221, 136, 63, 28, 142, 6, 2, 65, 43, 98, 223, 250, 67, 40, 87, 181, 125, 64, 47]
Картинка №89, Ион №4:		[39, 53, 136, 72, 56, 55, 185, 6, 166, 71, 59, 216, 40, 2, 64, 59, 208, 64, 9, 87, 67, 196, 10, 4, 79]
- - - - - - - - - - - 
Имя файла: 		learn/6bca14c6-21ac-46f9-b7d6-a3ce291c85c8.png
Картинка №90, Ион №1:		[57, 34, 34, 34, 32, 125, 51, 39, 44, 35, 216, 79, 40, 40, 47, 8, 71, 45, 42, 32, 5, 65, 39, 36, 44]
Картинка №90, Ион №2:		[232, 179, 56, 44, 36, 45, 7, 87, 48, 45, 42, 5, 96, 51, 65, 3, 2, 69, 44, 48, 153, 117, 53, 34, 36]
Картинка №90, Ион №3:		[27, 32, 32, 30, 31, 32, 24, 27, 32, 24, 34, 27, 26, 30, 30, 28, 35, 36, 32, 27, 24, 26, 34, 27, 30]
Картинка №90, Ион №4:		[30, 44, 44, 45, 32, 43, 67, 120, 83, 59, 51, 83, 234, 126, 49, 44, 79, 244, 142, 59, 43, 73, 142, 151, 59]
- - - - - - - - - - - 
Имя файла: 		learn/6bd663ed-c9e2-492e-94b2-13bb94298a2a.png
Картинка №91, Ион №1:		[44, 27, 30, 34, 28, 81, 47, 30, 44, 36, 115, 51, 39, 28, 36, 173, 71, 32, 38, 36, 183, 65, 34, 47, 34]
Картинка №91, Ион №2:		[1, 160, 71, 36, 40, 51, 4, 87, 40, 71, 4, 6, 75, 45, 28, 7, 1, 104, 55, 47, 143, 158, 71, 42, 44]
Картинка №91, Ион №3:		[75, 153, 105, 42, 35, 157, 8, 208, 64, 52, 211, 79, 7, 79, 56, 204, 5, 6, 88, 47, 96, 3, 191, 71, 47]
Картинка №91, Ион №4:		[45, 83, 111, 87, 44, 44, 132, 2, 176, 47, 56, 164, 251, 251, 84, 56, 232, 71, 3, 75, 64, 125, 8, 2, 75]
- - - - - - - - - - - 
Имя файла: 		learn/6c17c013-df9c-4e02-b4dc-fb1fd76f28ec.png
Картинка №92, Ион №1:		[60, 51, 36, 38, 32, 173, 49, 36, 43, 39, 0, 75, 39, 43, 40, 38, 71, 49, 42, 36, 2, 95, 51, 63, 40]
Картинка №92, Ион №2:		[3, 221, 60, 51, 43, 136, 6, 89, 45, 40, 125, 32, 87, 55, 60, 6, 3, 96, 44, 57, 138, 132, 48, 40, 39]
Картинка №92, Ион №3:		[102, 155, 104, 51, 39, 157, 27, 232, 84, 39, 2, 147, 44, 87, 67, 0, 7, 7, 91, 59, 149, 3, 196, 71, 53]
Картинка №92, Ион №4:		[35, 72, 160, 83, 42, 51, 145, 5, 187, 64, 67, 168, 76, 5, 73, 55, 0, 51, 4, 91, 52, 168, 6, 0, 77]
- - - - - - - - - - - 
Имя файла: 		learn/6c57c41c-4e70-4029-a579-567cb8699668.png
Картинка №93, Ион №1:		[83, 51, 42, 31, 28, 123, 44, 44, 36, 42, 183, 68, 47, 32, 40, 1, 75, 49, 45, 30, 1, 83, 43, 53, 34]
Картинка №93, Ион №2:		[225, 219, 72, 44, 27, 7, 7, 89, 36, 39, 24, 6, 93, 43, 36, 8, 1, 85, 43, 34, 145, 132, 55, 32, 34]
Картинка №93, Ион №3:		[79, 147, 100, 52, 38, 157, 4, 234, 67, 53, 196, 21, 4, 85, 44, 231, 6, 5, 77, 48, 151, 4, 164, 72, 42]
Картинка №93, Ион №4:		[42, 87, 151, 68, 45, 52, 104, 1, 191, 59, 51, 181, 11, 216, 68, 72, 173, 216, 3, 73, 65, 151, 5, 216, 64]
- - - - - - - - - - - 
Имя файла: 		learn/6c5fe086-1a99-4a89-953c-9cee4f9fdba0.png
Картинка №94, Ион №1:		[71, 40, 36, 32, 28, 104, 47, 40, 39, 38, 191, 65, 45, 47, 40, 2, 68, 47, 51, 43, 1, 71, 43, 52, 47]
Картинка №94, Ион №2:		[185, 145, 71, 40, 47, 10, 2, 71, 48, 47, 38, 3, 92, 47, 51, 8, 4, 85, 44, 48, 191, 120, 52, 55, 45]
Картинка №94, Ион №3:		[79, 163, 87, 53, 43, 157, 5, 176, 75, 44, 219, 43, 3, 110, 60, 202, 2, 6, 87, 53, 145, 5, 204, 80, 55]
Картинка №94, Ион №4:		[34, 24, 31, 26, 35, 32, 27, 31, 27, 32, 32, 32, 36, 35, 26, 31, 27, 36, 28, 32, 26, 35, 26, 32, 38]
- - - - - - - - - - - 
Имя файла: 		learn/6c877370-19a5-4e86-9ebf-e425c5b2655c.png
Картинка №95, Ион №1:		[43, 47, 28, 32, 32, 113, 45, 38, 36, 38, 250, 72, 43, 32, 35, 3, 126, 51, 47, 39, 9, 91, 52, 44, 39]
Картинка №95, Ион №2:		[1, 204, 63, 43, 34, 23, 5, 84, 63, 32, 28, 9, 110, 63, 61, 8, 255, 69, 55, 47, 98, 126, 77, 31, 39]
Картинка №95, Ион №3:		[93, 138, 102, 47, 44, 92, 250, 2, 63, 36, 0, 51, 8, 98, 51, 202, 2, 4, 81, 44, 136, 3, 155, 91, 57]
Картинка №95, Ион №4:		[44, 79, 145, 71, 55, 39, 91, 232, 172, 65, 53, 157, 9, 4, 91, 71, 191, 67, 5, 81, 63, 166, 5, 1, 79]
- - - - - - - - - - - 
Имя файла: 		learn/6d22acf3-ea25-48cf-af28-9d2c3c972cc3.png
Картинка №96, Ион №1:		[57, 43, 34, 40, 36, 151, 63, 43, 40, 38, 1, 75, 36, 40, 40, 5, 96, 52, 63, 45, 1, 102, 52, 47, 48]
Картинка №96, Ион №2:		[71, 87, 44, 30, 38, 130, 84, 51, 36, 40, 125, 93, 51, 44, 43, 128, 72, 44, 32, 32, 87, 59, 32, 34, 42]
Картинка №96, Ион №3:		[73, 187, 100, 48, 38, 113, 4, 217, 68, 44, 143, 61, 5, 91, 38, 208, 8, 4, 72, 47, 130, 5, 213, 77, 47]
Картинка №96, Ион №4:		[36, 76, 81, 81, 57, 53, 160, 5, 200, 79, 56, 194, 217, 219, 84, 75, 1, 79, 2, 93, 57, 191, 4, 4, 79]
- - - - - - - - - - - 
Имя файла: 		learn/6e588c8b-d2cd-4cde-84db-6aa902cf3ffd.png
Картинка №97, Ион №1:		[57, 40, 28, 36, 35, 120, 59, 49, 36, 36, 232, 71, 44, 39, 44, 7, 95, 48, 59, 34, 5, 64, 44, 55, 34]
Картинка №97, Ион №2:		[238, 193, 59, 45, 44, 75, 5, 73, 48, 77, 91, 5, 67, 47, 59, 7, 2, 79, 55, 44, 155, 145, 51, 45, 42]
Картинка №97, Ион №3:		[89, 164, 79, 47, 43, 166, 8, 208, 71, 42, 232, 3, 3, 83, 47, 176, 9, 3, 75, 47, 191, 6, 198, 67, 55]
Картинка №97, Ион №4:		[34, 53, 73, 71, 39, 44, 72, 92, 63, 40, 42, 83, 216, 128, 60, 36, 123, 102, 102, 59, 42, 64, 145, 87, 55]
- - - - - - - - - - - 
Имя файла: 		learn/6e6e5704-188a-4886-8cbd-c33d876b0193.png
Картинка №98, Ион №1:		[47, 42, 39, 27, 30, 91, 56, 36, 43, 34, 247, 59, 35, 47, 40, 8, 107, 48, 52, 39, 6, 92, 38, 59, 38]
Картинка №98, Ион №2:		[172, 89, 57, 35, 38, 40, 3, 68, 42, 42, 85, 20, 120, 48, 63, 55, 4, 91, 47, 38, 158, 173, 57, 47, 39]
Картинка №98, Ион №3:		[45, 32, 32, 32, 30, 39, 52, 42, 35, 32, 57, 57, 53, 40, 34, 65, 75, 68, 36, 40, 44, 59, 59, 47, 28]
Картинка №98, Ион №4:		[32, 28, 36, 42, 32, 26, 28, 36, 30, 28, 26, 35, 30, 30, 32, 32, 36, 32, 30, 27, 35, 32, 27, 28, 32]
- - - - - - - - - - - 
Имя файла: 		learn/6e7738ad-cd64-4e61-a174-faa89c918d1e.png
Картинка №99, Ион №1:		[40, 28, 26, 28, 30, 26, 27, 28, 28, 30, 24, 30, 30, 30, 27, 30, 28, 26, 32, 35, 30, 30, 27, 28, 28]
Картинка №99, Ион №2:		[208, 164, 52, 36, 32, 27, 4, 87, 42, 67, 60, 6, 64, 51, 59, 1, 251, 71, 51, 43, 128, 102, 49, 39, 40]
Картинка №99, Ион №3:		[64, 147, 89, 47, 28, 151, 18, 2, 75, 36, 234, 113, 9, 125, 55, 211, 24, 5, 77, 44, 151, 3, 196, 68, 39]
Картинка №99, Ион №4:		[39, 87, 151, 79, 40, 63, 100, 4, 185, 51, 76, 231, 47, 4, 72, 63, 244, 142, 6, 71, 59, 189, 18, 6, 60]
- - - - - - - - - - - 
Имя файла: 		learn/6f2bfc7d-9a7d-4e1a-b5b8-54728753471e.png
Картинка №100, Ион №1:		[47, 42, 35, 31, 35, 98, 53, 44, 38, 32, 0, 79, 35, 44, 39, 7, 102, 40, 42, 32, 6, 87, 51, 49, 40]
Картинка №100, Ион №2:		[61, 89, 34, 28, 34, 194, 145, 68, 28, 31, 202, 191, 55, 38, 35, 104, 95, 38, 35, 42, 71, 53, 34, 36, 31]
Картинка №100, Ион №3:		[63, 194, 91, 36, 39, 187, 21, 1, 61, 35, 255, 1, 7, 81, 59, 202, 8, 1, 72, 42, 120, 4, 202, 71, 48]
Картинка №100, Ион №4:		[42, 88, 155, 71, 49, 59, 151, 3, 176, 65, 71, 221, 8, 2, 59, 63, 193, 53, 250, 88, 67, 183, 8, 2, 75]
- - - - - - - - - - - 
